001 Badrul CEO Jan2021 1000 16 30 28 30 30 30 30 30 30 30 25
002 Niloy IM Jul2021 700 08 00 00 00 00 00 00 03 30 30 25
003 Ananna PR Jan2022 700 16 20 18 17 30 30 30 15 30 16 25
004 Takrim HR Jun2021 600 08 00 00 00 00 00 10 30 30 30 25
005 Parvez MM Aug2021 500 08 00 00 00 00 00 00 00 30 30 25
006 Tawsyat AD Jan2021 500 16 20 18 17 30 30 30 15 30 16 25
007 Elahi TX Aug2021 500 08 00 00 00 00 00 00 00 30 30 25
008 Nayeem AD Jan2022 500 08 20 18 17 30 30 30 15 30 16 25
009 Mujahid HR Jul2021 500 08 00 00 00 00 00 00 03 30 30 25
010 Niloyy IM Jul2021 500 08 00 00 00 00 00 00 03 30 30 25
011 Anannaa PR Jan2022 500 08 20 18 17 30 30 30 15 30 16 25
012 Takreem HR Jun2021 500 08 00 00 00 00 00 10 30 30 30 25
013 Parves MM Aug2021 500 08 00 00 00 00 00 00 00 30 30 25
014 Tawsiat AD Jan2021 500 08 20 18 17 30 30 30 15 30 16 25
015 Elahii TX Aug2021 500 08 00 00 00 00 00 00 00 30 30 25
016 Nayeema AD Jan2022 500 16 20 18 17 30 30 30 15 30 16 25
017 Mujahin HR Jul2021 500 08 00 00 00 00 00 00 30 30 30 25