01 Dove_Soap 500gm 510.00 479.00 510.00 100 31.00
02 Dove_Soap 100gm 110.00 100.00 110.00 100 10.00
03 Parachute 100gm 101.00 100.00 101.00 100 01.00
04 VatikaOil 100gm 500.00 490.00 500.00 100 10.00
05 AlmondOil 100gm 510.00 479.00 510.00 100 31.00
06 LovelyOil 100gm 500.00 490.00 500.00 100 10.00
07 StudioDeo 100gm 500.00 490.00 500.00 100 10.00
08 SugarPack 1.0KG 500.00 490.00 500.00 100 10.00
09 Pran_Rice 1.0KG 101.00 100.00 101.00 100 01.00
10 ArongGhee 100gm 510.00 479.00 510.00 100 31.00
11 ShampooTX 100gm 101.00 100.00 101.00 100 01.00
12 NaturaleX 100gm 500.00 490.00 500.00 100 10.00
13 CleanzyGl 100gm 110.00 100.00 110.00 100 10.00
14 HandSanit 100gm 500.00 490.00 500.00 100 10.00
15 DetolSoap 100gm 500.00 490.00 500.00 100 10.00
16 PampersXL 100PC 510.00 479.00 510.00 100 31.00
17 HuggiesXL 100PC 101.00 100.00 101.00 100 01.00
18 MultaniMd 100gm 500.00 490.00 500.00 100 10.00
19 Surg_Mask 100PC 500.00 490.00 500.00 100 10.00
20 FleeSpray 100gm 101.00 100.00 101.00 100 01.00
21 Dove_Soap 500mg 510.00 479.00 510.00 100 31.00
22 Dove_Soap 100gm 110.00 100.00 110.00 100 10.00
23 Parachute 100gm 101.00 100.00 101.00 100 01.00
24 VatikaOil 100gm 500.00 490.00 500.00 100 10.00
25 AlmondOil 100gm 500.00 490.00 500.00 100 10.00
26 LovelyOil 100gm 500.00 490.00 500.00 100 10.00
27 StudioDeo 100gm 510.00 479.00 510.00 100 31.00
28 SugarPack 1.0KG 101.00 100.00 101.00 100 01.00
29 Pran_Rice 1.0KG 500.00 490.00 500.00 100 10.00
30 ArongGhee 100gm 510.00 479.00 510.00 100 31.00
